0
0.02339572193
0.02389705882
0.02406417112
0.06951871658
0.07002005348
0.07219251337
0.07620320856
0.07670454545
0.07754010695
0.08556149733
0.08639705882
0.08689839572
0.08739973262
0.08823529412
0.0922459893
0.0927473262
0.0935828877
0.1096256684
0.1104612299
0.1109625668
0.1122994652
0.1128008021
0.1136363636
0.114973262
0.1154745989
0.1163101604
0.1229946524
0.1234959893
0.1243315508
0.1256684492
0.1261697861
0.1270053476
0.1275066845
0.128342246
0.1296791444
0.1301804813
0.1310160428
0.1315173797
0.1323529412
0.1328542781
0.1336898396
0.135026738
0.1355280749
0.1363636364
0.1390374332
0.1395387701
0.1403743316
0.1405518884
0.1407294452
0.140907002
0.1410845588
0.1412655971
0.141443154
0.1416207108
0.1417112299
0.1417982676
0.1419758244
0.1421568627
0.1423344196
0.1425119764
0.1426895332
0.14286709
0.1430481283
0.1477272727
0.1600935829
0.1604278075
0.1631016043
0.1632687166
0.1671122995
0.1671784481
0.1672445967
0.1673107453
0.1673768939
0.1674465241
0.1675126727
0.1675788213
0.1676449699
0.1677111185
0.1677807487
0.1678468973
0.1679130459
0.1679791945
0.1680453431
0.1681149733
0.1681811219
0.1682472705
0.1683134191
0.1683795677
0.1684491979
0.1687834225
0.2112299465
0.2192513369
0.2193035595
0.2193557821
0.2194114862
0.2194637088
0.2195159314
0.2195716355
0.2196238581
0.2196760807
0.2197317848
0.2197840074
0.2198362299
0.219891934
0.2199441566
0.2199998607
0.2200520833
0.2201043059
0.22016001
0.2202122326
0.2202644552
0.2203201593
0.2203723819
0.2204246045
0.2204803086
0.2205325312
0.2205882353
0.2219251337
0.2232620321
0.2233142547
0.2233664773
0.2234221814
0.223474404
0.2235266266
0.2235823307
0.2236345533
0.2236867758
0.2237424799
0.2237947025
0.2238469251
0.2239026292
0.2239548518
0.2240105559
0.2240627785
0.2241150011
0.2241707052
0.2242229278
0.2242751504
0.2243308545
0.2243830771
0.2244352997
0.2244910038
0.2245432264
0.2245989305
0.2246511531
0.2247033757
0.2247590798
0.2248113024
0.224863525
0.2249192291
0.2249714516
0.2250236742
0.2250793783
0.2251316009
0.2251838235
0.2252395276
0.2252917502
0.2253474543
0.2253996769
0.2254518995
0.2255076036
0.2255598262
0.2256120488
0.2256677529
0.2257199755
0.2257721981
0.2258279022
0.2258801248
0.2259358289
0.2260228665
0.2261133857
0.2262004234
0.2262909425
0.2263814617
0.2264684993
0.2265590185
0.2266460561
0.2267365753
0.2268270945
0.2269141321
0.2270046513
0.2270916889
0.2271822081
0.2272727273
0.2273597649
0.2274502841
0.2275373217
0.2276278409
0.2277183601
0.2278053977
0.2278959169
0.2279829545
0.2280734737
0.2281639929
0.2282510305
0.2283415497
0.2284285873
0.2285191065
0.2286096257
0.2299465241
0.2300265987
0.2301066734
0.230186748
0.2302668226
0.2303468973
0.2304269719
0.2305070466
0.2305871212
0.2306671959
0.2307472705
0.2308273451
0.2309074198
0.2309874944
0.2310675691
0.2311476437
0.2312277184
0.231307793
0.2313878676
0.2314679423
0.2315480169
0.2316280916
0.2317081662
0.2317882409
0.2318683155
0.2319518717
0.2326203209
0.2327003955
0.2327804701
0.2328605448
0.2329406194
0.2330206941
0.2331007687
0.2331808434
0.233260918
0.2333409926
0.2334210673
0.2335011419
0.2335812166
0.2336612912
0.2337413659
0.2338214405
0.2339015152
0.2339815898
0.2340616644
0.2341417391
0.2342218137
0.2343018884
0.234381963
0.2344620377
0.2345421123
0.2346256684
0.236631016
0.2366832386
0.2367354612
0.2367911653
0.2368433879
0.2368956105
0.2369513146
0.2370035372
0.2370557598
0.2371114639
0.2371636865
0.2372159091
0.2372716132
0.2373238358
0.2373795399
0.2374317625
0.2374839851
0.2375396892
0.2375919118
0.2376441344
0.2376998385
0.2377520611
0.2378042836
0.2378599877
0.2379122103
0.2379679144
0.238020137
0.2380723596
0.2381280637
0.2381802863
0.2382325089
0.238288213
0.2383404356
0.2383926582
0.2384483623
0.2385005849
0.2385528075
0.2386085116
0.2386607342
0.2387164383
0.2387686609
0.2388208835
0.2388765876
0.2389288102
0.2389810328
0.2390367369
0.2390889594
0.239141182
0.2391968861
0.2392491087
0.2393048128
0.2406417112
0.2406974153
0.2407531194
0.240812305
0.2408680091
0.2409271947
0.2409828988
0.2410420844
0.2410977885
0.2411569742
0.2412126783
0.2412718639
0.241327568
0.2413832721
0.2414424577
0.2414981618
0.2415573474
0.2416130515
0.2416722371
0.2417279412
0.2417871268
0.2418428309
0.2419020165
0.2419577206
0.2420134247
0.2420726103
0.2421283144
0.2421875
0.2422432041
0.2423023897
0.2423580938
0.2424172794
0.2424729835
0.2425321691
0.2425878732
0.2426470588
0.2439839572
0.2440640319
0.2441441065
0.2442241811
0.2443042558
0.2443843304
0.2444644051
0.2445444797
0.2446245544
0.244704629
0.2447847037
0.2448647783
0.2449448529
0.2450249276
0.2451050022
0.2451850769
0.2452651515
0.2453452262
0.2454253008
0.2455053754
0.2455854501
0.2456655247
0.2457455994
0.245825674
0.2459057487
0.2459893048
0.2460763425
0.2461668616
0.2462538993
0.2463444184
0.2464349376
0.2465219753
0.2466124944
0.2466995321
0.2467900512
0.2468805704
0.2469676081
0.2470581272
0.2471451649
0.247235684
0.2473262032
0.2474132409
0.24750376
0.2475907977
0.2476813168
0.247771836
0.2478588737
0.2479493928
0.2480364305
0.2481269496
0.2482174688
0.2483045065
0.2483950256
0.2484820633
0.2485725824
0.2486631016
0.2487153242
0.2487675468
0.2488232509
0.2488754735
0.2489276961
0.2489834002
0.2490356228
0.2490878454
0.2491435495
0.2491957721
0.2492479947
0.2493036988
0.2493559213
0.2494116254
0.249463848
0.2495160706
0.2495717747
0.2496239973
0.2496762199
0.249731924
0.2497841466
0.2498363692
0.2498920733
0.2499442959
0.25
0.2513368984
0.2520053476
0.2526737968
0.2527260194
0.252778242
0.2528339461
0.2528861687
0.2529383913
0.2529940954
0.253046318
0.2530985406
0.2531542447
0.2532064672
0.2532586898
0.2533143939
0.2533666165
0.2534223206
0.2534745432
0.2535267658
0.2535824699
0.2536346925
0.2536869151
0.2537426192
0.2537948418
0.2538470644
0.2539027685
0.2539549911
0.2540106952
0.2540629178
0.2541151404
0.2541708445
0.2542230671
0.2542752897
0.2543309938
0.2543832164
0.2544354389
0.254491143
0.2545433656
0.2545955882
0.2546512923
0.2547035149
0.254759219
0.2548114416
0.2548636642
0.2549193683
0.2549715909
0.2550238135
0.2550795176
0.2551317402
0.2551839628
0.2552396669
0.2552918895
0.2553475936
0.256684492
0.2567645666
0.2568446413
0.2569247159
0.2570047906
0.2570848652
0.2571649398
0.2572450145
0.2573250891
0.2574051638
0.2574852384
0.2575653131
0.2576453877
0.2577254623
0.257805537
0.2578856116
0.2579656863
0.2580457609
0.2581258356
0.2582059102
0.2582859848
0.2583660595
0.2584461341
0.2585262088
0.2586062834
0.2586898396
0.2593582888
0.259490586
0.2596228832
0.259758662
0.2598909592
0.260026738
0.2601590352
0.2602913324
0.2604271112
0.2605594084
0.2606951872
0.2608274844
0.2609597816
0.2610955604
0.2612278576
0.2613636364
0.263368984
0.2634560216
0.2635465408
0.2636335784
0.2637240976
0.2638146168
0.2639016544
0.2639921736
0.2640792112
0.2641697304
0.2642602496
0.2643472872
0.2644378064
0.264524844
0.2646153632
0.2647058824
0.2647581049
0.2648103275
0.2648660316
0.2649182542
0.2649704768
0.2650261809
0.2650784035
0.2651306261
0.2651863302
0.2652385528
0.2652907754
0.2653464795
0.2653987021
0.2654544062
0.2655066288
0.2655588514
0.2656145555
0.2656667781
0.2657190007
0.2657747048
0.2658269274
0.26587915
0.2659348541
0.2659870766
0.2660427807
0.2673796791
0.2680481283
0.2680899064
0.268135166
0.2681804256
0.2682256852
0.2682709447
0.2683127228
0.2683579824
0.268403242
0.2684485016
0.2684937611
0.2685355392
0.2685807988
0.2686260584
0.268671318
0.2687165775
0.2687583556
0.2688036152
0.2688488748
0.2688941344
0.2689393939
0.268981172
0.2690264316
0.2690716912
0.2691169508
0.2691622103
0.2692039884
0.269249248
0.2692945076
0.2693397672
0.2693850267
0.2703877005
0.2704851827
0.2705861464
0.2706871101
0.2707880738
0.2708855559
0.2709865196
0.2710874833
0.271188447
0.2712894107
0.2713868928
0.2714878565
0.2715888202
0.2716897839
0.2717907475
0.2718882297
0.2719891934
0.2720901571
0.2721911208
0.2722920844
0.2723930481
0.2727272727
0.2728317179
0.2729396446
0.2730475713
0.2731520165
0.2732599432
0.2733678699
0.2734757966
0.2735802418
0.2736881684
0.2737960951
0.2739005403
0.274008467
0.2741163937
0.2742243204
0.2743287656
0.2744366923
0.274544619
0.2746490642
0.2747569909
0.2748649176
0.2749728443
0.2750772894
0.2751852161
0.2752931428
0.2754010695
0.2757352941
0.2758327763
0.27593374
0.2760347037
0.2761356673
0.2762331495
0.2763341132
0.2764350769
0.2765360406
0.2766370042
0.2767344864
0.2768354501
0.2769364138
0.2770373775
0.2771383411
0.2772358233
0.277336787
0.2774377507
0.2775387143
0.277639678
0.2777406417
0.2807486631
0.2808809603
0.2810132576
0.2811490363
0.2812813336
0.2814171123
0.2815494095
0.2816817068
0.2818174855
0.2819497828
0.2820855615
0.2822178587
0.282350156
0.2824859347
0.282618232
0.2827540107
0.2828863079
0.2830186052
0.2831543839
0.2832866811
0.2834224599
0.2835547571
0.2836870544
0.2838228331
0.2839551303
0.2840909091
0.2842232063
0.2843555036
0.2844912823
0.2846235795
0.2847593583
0.2848916555
0.2850239528
0.2851597315
0.2852920287
0.2854278075
0.2855601047
0.285692402
0.2858281807
0.2859604779
0.2860962567
0.2862738135
0.2864513703
0.2866289271
0.286806484
0.2869875223
0.2871650791
0.2873426359
0.2875201927
0.2876977496
0.2878787879
0.2880563447
0.2882339015
0.2884114583
0.2885890152
0.2887700535
0.2889476103
0.2891251671
0.2893027239
0.2894802807
0.2896613191
0.2898388759
0.2900164327
0.2901939895
0.2903715463
0.2905525847
0.2907301415
0.2909076983
0.2910852551
0.2912628119
0.2914438503
0.2966243316
0.2967914439
0.320855615
0.3209879122
0.3211202094
0.3212559882
0.3213882854
0.3215240642
0.3216563614
0.3217886586
0.3219244374
0.3220567346
0.3221925134
0.322258662
0.3223248106
0.3223909592
0.3224571078
0.322526738
0.3225928866
0.3226590352
0.3227251838
0.3227913324
0.3228609626
0.3229271112
0.3229932598
0.3230594084
0.323125557
0.3231951872
0.3232613358
0.3233274844
0.323393633
0.3234597816
0.3235294118
0.3235816344
0.323633857
0.3236895611
0.3237417836
0.3237940062
0.3238497103
0.3239019329
0.3239541555
0.3240098596
0.3240620822
0.3241143048
0.3241700089
0.3242222315
0.3242779356
0.3243301582
0.3243823808
0.3244380849
0.3244903075
0.3245425301
0.3245982342
0.3246504568
0.3247026794
0.3247583835
0.3248106061
0.3248663102
0.3315508021
0.3316830994
0.3318153966
0.3319511754
0.3320834726
0.3322192513
0.3323515486
0.3324838458
0.3326196246
0.3327519218
0.3328877005
0.3330199978
0.333152295
0.3332880738
0.333420371
0.3335561497
0.333688447
0.3338207442
0.333956523
0.3340888202
0.3342245989
0.3344891934
0.3347572694
0.3350253454
0.3352934213
0.3355614973
0.3358260918
0.3360941678
0.3363622438
0.3366303197
0.3368983957
0.3529411765
0.3530734737
0.3532057709
0.3533415497
0.3534738469
0.3536096257
0.3537419229
0.3538742201
0.3540099989
0.3541422961
0.3542780749
0.3544103721
0.3545426693
0.3546784481
0.3548107453
0.3549465241
0.3549778576
0.3550126727
0.3550440062
0.3550788213
0.3551136364
0.3551449699
0.355179785
0.3552111185
0.3552459336
0.3552807487
0.3553120822
0.3553468973
0.3553782308
0.3554130459
0.355447861
0.3554791945
0.3555140096
0.3555453431
0.3555801582
0.3556149733
0.3770053476
0.3771829044
0.3773604612
0.377538018
0.3777155749
0.3778966132
0.37807417
0.3782517268
0.3784292836
0.3786068405
0.3787878788
0.3789654356
0.3791429924
0.3793205492
0.3794981061
0.3796791444
0.3798567012
0.380034258
0.3802118148
0.3803893717
0.38057041
0.3807479668
0.3809255236
0.3811030804
0.3812806373
0.3814616756
0.3816392324
0.3818167892
0.381994346
0.3821719029
0.3823529412
0.4050802139
0.4077540107
0.4090909091
0.5588235294
0.564171123
0.6102941176
0.6103602663
0.6104264149
0.6104925635
0.6105587121
0.6106283422
0.6106944909
0.6107606395
0.6108267881
0.6108929367
0.6109625668
0.6110287155
0.6110948641
0.6111610127
0.6112271613
0.6112967914
0.6113629401
0.6114290887
0.6114952373
0.6115613859
0.611631016
0.6116971647
0.6117633133
0.6118294619
0.6118956105
0.6119652406
0.6120313893
0.6120975379
0.6121636865
0.6122298351
0.6122994652
0.6209893048
0.6210554534
0.621121602
0.6211877507
0.6212538993
0.6213235294
0.621389678
0.6214558266
0.6215219753
0.6215881239
0.621657754
0.6217239026
0.6217900512
0.6218561999
0.6219223485
0.6219919786
0.6220581272
0.6221242758
0.6221904245
0.6222565731
0.6223262032
0.6223923518
0.6224585004
0.6225246491
0.6225907977
0.6226604278
0.6227265764
0.622792725
0.6228588737
0.6229250223
0.6229946524
0.6470588235
0.647323418
0.647591494
0.64785957
0.6481276459
0.6483957219
0.6486603164
0.6489283924
0.6491964684
0.6494645443
0.6497326203
0.6499972148
0.6502652908
0.6505333668
0.6508014427
0.6510695187
0.6513341132
0.6516021892
0.6518702652
0.6521383411
0.6524064171
0.6524934548
0.6525839739
0.6526710116
0.6527615307
0.6528520499
0.6529390876
0.6530296067
0.6531166444
0.6532071635
0.6532976827
0.6533847204
0.6534752395
0.6535622772
0.6536527963
0.6537433155
0.6538303532
0.6539208723
0.65400791
0.6540984291
0.6541889483
0.654275986
0.6543665051
0.6544535428
0.6545440619
0.6546345811
0.6547216188
0.6548121379
0.6548991756
0.6549896947
0.6550802139
0.6552925858
0.6555049577
0.6557208111
0.6559331829
0.6561490363
0.6563614082
0.6565772616
0.6567896335
0.6570020053
0.6572178587
0.6574302306
0.657646084
0.6578584559
0.6580743093
0.6582866811
0.6585025345
0.6587149064
0.6589272783
0.6591431317
0.6593555036
0.659571357
0.6597837288
0.6599995822
0.6602119541
0.6604278075
0.6631016043
0.6633661988
0.6636342747
0.6639023507
0.6641704267
0.6644385027
0.6647030971
0.6649711731
0.6652392491
0.6655073251
0.6657754011
0.6764705882
0.6770032587
0.6775394107
0.6780720811
0.6786082331
0.679144385
0.6796770555
0.6802132074
0.6807458779
0.6812820299
0.6818181818
0.6844919786
0.6846242758
0.6847565731
0.6848923518
0.6850246491
0.6851604278
0.685292725
0.6854250223
0.685560801
0.6856930983
0.685828877
0.6859611742
0.6860934715
0.6862292502
0.6863615475
0.6864973262
0.6866296234
0.6867619207
0.6868976994
0.6870299967
0.6871657754
0.6898395722
0.6899196468
0.6899997215
0.6900797961
0.6901598708
0.6902399454
0.6903200201
0.6904000947
0.6904801693
0.690560244
0.6906403186
0.6907203933
0.6908004679
0.6908805426
0.6909606172
0.6910406918
0.6911207665
0.6912008411
0.6912809158
0.6913609904
0.6914410651
0.6915211397
0.6916012143
0.691681289
0.6917613636
0.6918449198
0.6919249944
0.6920050691
0.6920851437
0.6921652184
0.692245293
0.6923253676
0.6924054423
0.6924855169
0.6925655916
0.6926456662
0.6927257409
0.6928058155
0.6928858902
0.6929659648
0.6930460394
0.6931261141
0.6932061887
0.6932862634
0.693366338
0.6934464127
0.6935264873
0.6936065619
0.6936866366
0.6937667112
0.6938502674
0.693930342
0.6940104167
0.6940904913
0.694170566
0.6942506406
0.6943307152
0.6944107899
0.6944908645
0.6945709392
0.6946510138
0.6947310885
0.6948111631
0.6948912377
0.6949713124
0.695051387
0.6951314617
0.6952115363
0.695291611
0.6953716856
0.6954517602
0.6955318349
0.6956119095
0.6956919842
0.6957720588
0.695855615
0.6959356896
0.6960157643
0.6960958389
0.6961759135
0.6962559882
0.6963360628
0.6964161375
0.6964962121
0.6965762868
0.6966563614
0.6967364361
0.6968165107
0.6968965853
0.69697666
0.6970567346
0.6971368093
0.6972168839
0.6972969586
0.6973770332
0.6974571078
0.6975371825
0.6976172571
0.6976973318
0.6977774064
0.6978609626
0.6979932598
0.698125557
0.6982613358
0.698393633
0.6985294118
0.698661709
0.6987940062
0.698929785
0.6990620822
0.699197861
0.7085561497
0.7086431874
0.7087337066
0.7088207442
0.7089112634
0.7090017825
0.7090888202
0.7091793393
0.709266377
0.7093568962
0.7094474153
0.709534453
0.7096249721
0.7097120098
0.709802529
0.7098930481
0.7165775401
0.7166436887
0.7167098373
0.716775986
0.7168421346
0.7169117647
0.7169779133
0.7170440619
0.7171102106
0.7171763592
0.7172459893
0.7173121379
0.7173782865
0.7174444352
0.7175105838
0.7175802139
0.7176463625
0.7177125111
0.7177786598
0.7178448084
0.7179144385
0.7192513369
0.7286096257
0.7290099989
0.7294103721
0.7298107453
0.7302111185
0.7306114918
0.7310153465
0.7314157197
0.7318160929
0.7322164661
0.7326203209
0.7327526181
0.7328849153
0.7330206941
0.7331529913
0.7332887701
0.7334210673
0.7335533645
0.7336891433
0.7338214405
0.7339572193
0.7340442569
0.7341347761
0.7342218137
0.7343123329
0.734402852
0.7344898897
0.7345804089
0.7346674465
0.7347579657
0.7348484848
0.7349355225
0.7350260417
0.7351130793
0.7352035985
0.7352941176
0.7406417112
0.7411743817
0.7417105336
0.7422432041
0.7427793561
0.743315508
0.7834224599
0.7842232063
0.7850239528
0.7858281807
0.7866289271
0.7874296736
0.7882339015
0.789034648
0.7898388759
0.7906396223
0.7914438503
0.7915761475
0.7917084447
0.7918442235
0.7919765207
0.7921122995
0.7922445967
0.7923768939
0.7925126727
0.7926449699
0.7927807487
0.7929130459
0.7930453431
0.7931811219
0.7933134191
0.7934491979
0.7935814951
0.7937137923
0.7938495711
0.7939818683
0.7941176471
0.8368983957
0.837030693
0.8371629902
0.8372987689
0.8374310662
0.8375668449
0.8376991422
0.8378314394
0.8379672181
0.8380995154
0.8382352941
0.8383675914
0.8384998886
0.8386356673
0.8387679646
0.8389037433
0.8390360406
0.8391683378
0.8393041165
0.8394364138
0.8395721925
0.8475935829
0.8478581774
0.8481262533
0.8483943293
0.8486624053
0.8489304813
0.8491950758
0.8494631517
0.8497312277
0.8499993037
0.8502673797
0.8505319742
0.8508000501
0.8510681261
0.8513362021
0.8516042781
0.8518688725
0.8521369485
0.8524050245
0.8526731005
0.8529411765
0.8532057709
0.8534738469
0.8537419229
0.8540099989
0.8542780749
0.8545426693
0.8548107453
0.8550788213
0.8553468973
0.8556149733
0.8558795677
0.8561476437
0.8564157197
0.8566837957
0.8569518717
0.8570180203
0.8570841689
0.8571503175
0.8572164661
0.8572860963
0.8573522449
0.8574183935
0.8574845421
0.8575506907
0.8576203209
0.8576864695
0.8577526181
0.8578187667
0.8578849153
0.8579545455
0.8580206941
0.8580868427
0.8581529913
0.8582191399
0.8582887701
0.8676470588
0.8677793561
0.8679116533
0.868047432
0.8681797293
0.868315508
0.8684478053
0.8685801025
0.8687158812
0.8688481785
0.8689839572
0.8691162545
0.8692485517
0.8693843304
0.8695166277
0.8696524064
0.8697847037
0.8699170009
0.8700527796
0.8701850769
0.8703208556
0.878342246
0.8784745432
0.8786068405
0.8787426192
0.8788749164
0.8790106952
0.8791429924
0.8792752897
0.8794110684
0.8795433656
0.8796791444
0.8798114416
0.8799437389
0.8800795176
0.8802118148
0.8803475936
0.8804798908
0.8806121881
0.8807479668
0.880880264
0.8810160428
0.8983957219
0.8985280192
0.8986603164
0.8987960951
0.8989283924
0.8990641711
0.8991964684
0.8993287656
0.8994645443
0.8995968416
0.8997326203
0.899819658
0.8999101771
0.8999972148
0.900087734
0.9001782531
0.9002652908
0.9003558099
0.9004428476
0.9005333668
0.9006238859
0.9007109236
0.9008014427
0.9008884804
0.9009789996
0.9010695187
0.9011008523
0.9011356673
0.9011670009
0.901201816
0.901236631
0.9012679646
0.9013027796
0.9013341132
0.9013689283
0.9014037433
0.9014350769
0.9014698919
0.9015012255
0.9015360406
0.9015708556
0.9016021892
0.9016370042
0.9016683378
0.9017031529
0.9017379679
0.9019364138
0.9021383411
0.902336787
0.9025387143
0.9027371602
0.9029390876
0.9031410149
0.9033394608
0.9035413881
0.9037433155
0.9089237968
0.9090909091
0.9115975936
0.9117647059
0.9142713904
0.9144385027
0.9169451872
0.9171122995
0.9465240642
0.9533756684
0.9540441176
0.9545454545
0.9558823529
0.9562165775
0.9572192513
0.9640708556
0.9647393048
0.9652406417
0.9657419786
0.9665775401
0.9669117647
0.9679144385
0.968179033
0.968447109
0.9687151849
0.9689832609
0.9692513369
0.9695159314
0.9697840074
0.9700520833
0.9703201593
0.9705882353
0.9708528298
0.9711209057
0.9713889817
0.9716570577
0.9719251337
0.9721897282
0.9724578041
0.9727258801
0.9729939561
0.9732620321
0.9735266266
0.9737947025
0.9740627785
0.9743308545
0.9745989305
0.974863525
0.9751316009
0.9753996769
0.9756677529
0.9759358289
0.9762004234
0.9764684993
0.9767365753
0.9770046513
0.9772727273
0.9775373217
0.9778053977
0.9780734737
0.9783415497
0.9786096257
0.9986631016
0.9987953988
0.9989276961
0.9990634748
0.9991957721
0.9993315508
0.999463848
0.9995961453
0.999731924
0.9998642213
1
