80.01002792
70.00007
40.0100025
120.0100808
158.0003476
105.000105
120.0100808
158.0003476
105.000105
120.0100808
135.0101595
101.010101
158.0003476
105.000105
120.0100808
158.0003476
105.000105
120.0100808
135.0101595
101.010101
120.0100808
158.0003476
105.000105
120.0100808
158.0003476
105.000105
120.0100808
130.0102708
105.000105
120.0100808
158.0003476
105.000105
158.0003476
105.000105
120.0100808
158.0003476
105.000105
158.0003476
105.000105
158.0003476
105.000105
120.0100808
158.0003476
105.000105
120.0100808
158.0003476
105.000105
120.0100808
118.0001337
116.010178
114.000171
112.0100958
110.00011
108.000108
106.0001378
120.0100808
104.0101098
102.0101092
100.010001
98.00014373
96.01013867
94.00012847
92.0001288
90.00009
140.0102674
93.01013345
140.0102674
25.010004
140.0102674
140.0102674
138.0001932
136.0100103
134.0102339
132.0100064
130.0102708
128.0101043
126.0101816
124.000248
122.0102407
120.0100808
118.0001337
116.010178
114.000171
112.0100958
110.00011
108.000108
106.0001378
104.0101098
102.0101092
100.010001
250.0104171
110.00011
110.00011
108.000108
106.0001378
104.0101098
102.0101092
100.010001
98.00014373
96.01013867
94.00012847
92.0001288
90.00009
88.01009182
86.01003737
84.000084
82.01001069
80.01002792
78.000078
76.00006587
74.000074
72.0100526
70.00007
68.00007253
66.000066
64.01003677
62.00005993
60.01002167
140.0102674
140.0102674
138.0001932
136.0100103
134.0102339
132.0100064
130.0102708
128.0101043
126.0101816
124.000248
122.0102407
120.0100808
118.0001337
116.010178
114.000171
112.0100958
110.00011
108.000108
106.0001378
104.0101098
102.0101092
100.010001
98.00014373
96.01013867
94.00012847
92.0001288
90.00009
92.0001288
94.00012847
96.01013867
98.00014373
100.010001
102.0101092
104.0101098
106.0001378
108.000108
110.00011
112.0100958
114.000171
116.010178
118.0001337
120.0100808
122.0102407
124.000248
126.0101816
128.0101043
130.0102708
132.0100064
134.0102339
136.0100103
138.0001932
140.0102674
138.0001932
136.0100103
134.0102339
132.0100064
130.0102708
128.0101043
126.0101816
124.000248
122.0102407
120.0100808
118.0001337
116.010178
114.000171
112.0100958
110.00011
112.0100958
114.000171
116.010178
118.0001337
120.0100808
122.0102407
124.000248
126.0101816
128.0101043
130.0102708
132.0100064
134.0102339
136.0100103
138.0001932
140.0102674
140.0102674
138.0001932
136.0100103
134.0102339
132.0100064
130.0102708
128.0101043
126.0101816
124.000248
122.0102407
120.0100808
118.0001337
116.010178
114.000171
112.0100958
110.00011
108.000108
106.0001378
104.0101098
102.0101092
100.010001
98.00014373
96.01013867
94.00012847
92.0001288
90.00009
90.00009
92.0001288
94.00012847
96.01013867
98.00014373
100.010001
102.0101092
104.0101098
106.0001378
108.000108
110.00011
112.0100958
114.000171
116.010178
118.0001337
120.0100808
122.0102407
124.000248
126.0101816
128.0101043
130.0102708
132.0100064
134.0102339
136.0100103
138.0001932
140.0102674
140.0102674
138.0001932
136.0100103
134.0102339
132.0100064
130.0102708
128.0101043
126.0101816
124.000248
122.0102407
120.0100808
118.0001337
116.010178
114.000171
112.0100958
110.00011
108.000108
106.0001378
104.0101098
102.0101092
100.010001
98.00014373
96.01013867
94.00012847
92.0001288
90.00009
92.0001288
94.00012847
96.01013867
98.00014373
100.010001
102.0101092
104.0101098
106.0001378
108.000108
110.00011
112.0100958
114.000171
116.010178
118.0001337
120.0100808
122.0102407
124.000248
126.0101816
128.0101043
130.0102708
132.0100064
134.0102339
136.0100103
138.0001932
140.0102674
140.0102674
138.0001932
136.0100103
134.0102339
132.0100064
130.0102708
128.0101043
126.0101816
124.000248
122.0102407
120.0100808
118.0001337
116.010178
114.000171
112.0100958
110.00011
108.000108
106.0001378
104.0101098
102.0101092
100.010001
98.00014373
96.01013867
94.00012847
92.0001288
90.00009
88.01009182
86.01003737
84.000084
82.01001069
80.01002792
78.000078
76.00006587
74.000074
72.0100526
70.00007
90.00009
92.0001288
94.00012847
96.01013867
98.00014373
100.010001
102.0101092
104.0101098
106.0001378
108.000108
110.00011
112.0100958
114.000171
116.010178
118.0001337
120.0100808
122.0102407
124.000248
126.0101816
128.0101043
130.0102708
132.0100064
134.0102339
136.0100103
138.0001932
130.0102708
128.0101043
126.0101816
124.000248
122.0102407
120.0100808
118.0001337
116.010178
114.000171
112.0100958
110.00011
108.000108
106.0001378
104.0101098
102.0101092
100.010001
98.00014373
96.01013867
94.00012847
92.0001288
90.00009
88.01009182
86.01003737
84.000084
82.01001069
80.01002792
78.000078
76.00006587
74.000074
72.0100526
90.00009
92.0001288
94.00012847
96.01013867
98.00014373
100.010001
102.0101092
104.0101098
106.0001378
108.000108
110.00011
112.0100958
114.000171
116.010178
118.0001337
120.0100808
122.0102407
124.000248
126.0101816
128.0101043
130.0102708
132.0100064
134.0102339
136.0100103
138.0001932
140.0102674
100.010001
140.0102674
140.0102674
138.0001932
136.0100103
134.0102339
132.0100064
130.0102708
128.0101043
126.0101816
124.000248
122.0102407
120.0100808
118.0001337
116.010178
114.000171
112.0100958
110.00011
108.000108
106.0001378
104.0101098
102.0101092
100.010001
98.00014373
96.01013867
94.00012847
92.0001288
90.00009
92.0001288
94.00012847
96.01013867
98.00014373
100.010001
102.0101092
104.0101098
106.0001378
108.000108
110.00011
112.0100958
114.000171
116.010178
118.0001337
120.0100808
122.0102407
124.000248
126.0101816
128.0101043
130.0102708
132.0100064
134.0102339
136.0100103
138.0001932
140.0102674
140.0102674
138.0001932
136.0100103
134.0102339
132.0100064
130.0102708
128.0101043
126.0101816
124.000248
122.0102407
120.0100808
118.0001337
116.010178
114.000171
112.0100958
110.00011
108.000108
106.0001378
104.0101098
102.0101092
100.010001
98.00014373
96.01013867
94.00012847
92.0001288
90.00009
90.00009
92.0001288
94.00012847
96.01013867
98.00014373
100.010001
102.0101092
104.0101098
106.0001378
108.000108
110.00011
112.0100958
114.000171
116.010178
118.0001337
120.0100808
120.0100808
118.0001337
116.010178
114.000171
112.0100958
110.00011
108.000108
106.0001378
104.0101098
102.0101092
100.010001
98.00014373
96.01013867
94.00012847
92.0001288
90.00009
92.0001288
94.00012847
96.01013867
98.00014373
100.010001
102.0101092
104.0101098
106.0001378
108.000108
110.00011
112.0100958
114.000171
116.010178
118.0001337
120.0100808
122.0102407
124.000248
126.0101816
128.0101043
130.0102708
132.0100064
134.0102339
136.0100103
138.0001932
140.0102674
90.00009
130.0102708
128.0101043
126.0101816
124.000248
122.0102407
120.0100808
118.0001337
116.010178
114.000171
112.0100958
110.00011
108.000108
106.0001378
104.0101098
102.0101092
100.010001
98.00014373
96.01013867
94.00012847
92.0001288
90.00009
88.01009182
86.01003737
84.000084
82.01001069
80.01002792
78.000078
76.00006587
74.000074
72.0100526
70.00007
100.010001
102.0101092
104.0101098
106.0001378
108.000108
110.00011
112.0100958
114.000171
116.010178
118.0001337
120.0100808
122.0102407
124.000248
126.0101816
128.0101043
130.0102708
132.0100064
134.0102339
136.0100103
138.0001932
140.0102674
130.0102708
128.0101043
126.0101816
124.000248
122.0102407
120.0100808
118.0001337
116.010178
114.000171
112.0100958
110.00011
108.000108
106.0001378
104.0101098
102.0101092
100.010001
98.00014373
96.01013867
94.00012847
92.0001288
90.00009
88.01009182
86.01003737
84.000084
82.01001069
80.01002792
100.010001
102.0101092
104.0101098
106.0001378
108.000108
110.00011
112.0100958
114.000171
116.010178
118.0001337
120.0100808
122.0102407
124.000248
126.0101816
128.0101043
130.0102708
132.0100064
134.0102339
136.0100103
138.0001932
140.0102674
140.0102674
138.0001932
136.0100103
134.0102339
132.0100064
130.0102708
128.0101043
126.0101816
124.000248
122.0102407
120.0100808
118.0001337
116.010178
114.000171
112.0100958
110.00011
108.000108
106.0001378
104.0101098
102.0101092
100.010001
102.0101092
104.0101098
106.0001378
108.000108
110.00011
112.0100958
114.000171
116.010178
118.0001337
120.0100808
122.0102407
124.000248
126.0101816
128.0101043
130.0102708
132.0100064
134.0102339
136.0100103
138.0001932
140.0102674
138.0001932
136.0100103
134.0102339
132.0100064
130.0102708
128.0101043
126.0101816
124.000248
122.0102407
120.0100808
118.0001337
116.010178
114.000171
112.0100958
110.00011
112.0100958
114.000171
116.010178
118.0001337
120.0100808
122.0102407
124.000248
126.0101816
128.0101043
130.0102708
132.0100064
134.0102339
136.0100103
138.0001932
140.0102674
80.01002792
140.0102674
140.0102674
138.0001932
136.0100103
134.0102339
132.0100064
130.0102708
128.0101043
126.0101816
124.000248
122.0102407
120.0100808
118.0001337
116.010178
114.000171
112.0100958
110.00011
108.000108
106.0001378
104.0101098
102.0101092
100.010001
98.00014373
96.01013867
94.00012847
92.0001288
90.00009
88.01009182
86.01003737
84.000084
82.01001069
80.01002792
82.01001069
84.000084
86.01003737
88.01009182
90.00009
92.0001288
94.00012847
96.01013867
98.00014373
100.010001
102.0101092
104.0101098
106.0001378
108.000108
110.00011
112.0100958
114.000171
116.010178
118.0001337
120.0100808
122.0102407
124.000248
126.0101816
128.0101043
130.0102708
130.0102708
128.0101043
126.0101816
124.000248
122.0102407
120.0100808
118.0001337
116.010178
114.000171
112.0100958
110.00011
108.000108
106.0001378
104.0101098
102.0101092
100.010001
98.00014373
96.01013867
94.00012847
92.0001288
120.0100808
122.0102407
124.000248
126.0101816
128.0101043
130.0102708
132.0100064
134.0102339
136.0100103
138.0001932
140.0102674
140.0102674
138.0001932
136.0100103
134.0102339
132.0100064
130.0102708
128.0101043
126.0101816
124.000248
122.0102407
120.0100808
118.0001337
116.010178
114.000171
112.0100958
110.00011
108.000108
106.0001378
104.0101098
102.0101092
100.010001
98.00014373
96.01013867
94.00012847
92.0001288
90.00009
88.01009182
86.01003737
84.000084
82.01001069
80.01002792
78.000078
76.00006587
74.000074
72.0100526
110.00011
140.0102674
142.0101537
144.0002304
146.0003212
148.0100055
150.0101257
152.0003243
154.0100363
156.0102967
158.0003476
160.0102407
162.0102228
164.0002952
166.0003597
168.0004032
170.0102006
172.0104582
174.0002958
176.0103729
178.0003441
180.0104406
182.0101198
184.0005397
186.000372
188.0005515
190.0105139
192.0104454
194.0102567
196.0105323
198.010653
200.0100005
180.0104406
160.0102407
200.0100005
200.0100005
220.0107072
220.0107072
218.0105808
216.0006048
214.0006349
212.0006501
210.0105005
208.0003883
206.0107057
204.0004488
202.0004781
200.0100005
198.010653
196.0105323
194.0102567
192.0104454
190.0105139
188.0005515
186.000372
184.0005397
182.0101198
180.0104406
178.0003441
176.0103729
174.0002958
172.0104582
170.0102006
168.0004032
166.0003597
164.0002952
162.0102228
220.0107072
220.0107072
218.0105808
216.0006048
214.0006349
212.0006501
210.0105005
208.0003883
206.0107057
204.0004488
202.0004781
200.0100005
198.010653
196.0105323
194.0102567
192.0104454
190.0105139
188.0005515
186.000372
184.0005397
182.0101198
180.0104406
178.0003441
176.0103729
174.0002958
172.0104582
170.0102006
168.0004032
166.0003597
164.0002952
162.0102228
220.0107072
220.0107072
218.0105808
216.0006048
214.0006349
212.0006501
210.0105005
208.0003883
206.0107057
204.0004488
202.0004781
200.0100005
198.010653
196.0105323
194.0102567
192.0104454
190.0105139
188.0005515
186.000372
184.0005397
182.0101198
180.0104406
178.0003441
176.0103729
174.0002958
172.0104582
170.0102006
168.0004032
166.0003597
164.0002952
162.0102228
160.0102407
158.0003476
156.0102967
154.0100363
152.0003243
150.0101257
148.0100055
146.0003212
144.0002304
142.0101537
140.0102674
138.0001932
136.0100103
134.0102339
132.0100064
130.0102708
128.0101043
126.0101816
124.000248
122.0102407
150.0101257
152.0003243
154.0100363
156.0102967
158.0003476
160.0102407
162.0102228
164.0002952
166.0003597
168.0004032
170.0102006
172.0104582
174.0002958
176.0103729
178.0003441
180.0104406
182.0101198
184.0005397
186.000372
188.0005515
190.0105139
192.0104454
194.0102567
196.0105323
198.010653
200.0100005
200.0100005
198.010653
196.0105323
194.0102567
192.0104454
190.0105139
188.0005515
186.000372
184.0005397
182.0101198
200.0100005
180.0104406
182.0101198
184.0005397
186.000372
188.0005515
190.0105139
192.0104454
194.0102567
196.0105323
198.010653
200.0100005
200.0100005
199.0003549
198.010653
197.0003415
196.0105323
195.0103355
194.0102567
193.0005147
192.0104454
191.0104133
190.0105139
189.0103105
188.0005515
187.0003584
186.000372
185.0104531
184.0005397
183.0004758
182.0101198
181.0003892
200.0100005
200.0100005
199.0003549
198.010653
197.0003415
196.0105323
195.0103355
194.0102567
193.0005147
192.0104454
191.0104133
190.0105139
189.0103105
188.0005515
187.0003584
186.000372
185.0104531
184.0005397
183.0004758
182.0101198
181.0003892
180.0104406
179.0002834
178.0003441
177.0104702
176.0103729
175.0102819
174.0002958
173.0004037
172.0104582
171.010329
170.0102006
169.0002789
168.0004032
167.0104298
166.0003597
165.0101481
164.0002952
163.0102561
162.0102228
161.0003488
160.0102407
159.0103198
158.0003476
157.0002486
156.0102967
155.00031
154.0100363
153.0003366
152.0003243
151.0003775
150.0101257
149.0002086
148.0100055
147.0101805
146.0003212
145.0101991
144.0002304
143.0100274
142.0101537
141.0003032
140.0102674
139.0002178
138.0001932
137.0100748
136.0100103
135.0101595
134.0102339
133.0002416
132.0100064
131.0100878
130.0102708
129.0100628
128.0101043
127.000254
126.0101816
125.0101571
124.000248
123.0002214
122.0102407
121.0001876
120.0100808
119.0001607
118.0001337
117.000117
116.010178
115.0101688
114.000171
113.0100993
112.0100958
111.000111
110.00011
109.0001417
108.000108
107.0001266
106.0001378
105.000105
104.0101098
103.0101276
102.0101092
101.010101
110.00011
112.0100958
114.000171
116.010178
118.0001337
120.0100808
122.0102407
124.000248
126.0101816
128.0101043
130.0102708
130.0102708
128.0101043
126.0101816
124.000248
122.0102407
120.0100808
118.0001337
116.010178
114.000171
112.0100958
110.00011
108.000108
106.0001378
104.0101098
102.0101092
130.0102708
140.0102674
138.0001932
136.0100103
134.0102339
132.0100064
130.0102708
128.0101043
126.0101816
124.000248
122.0102407
120.0100808
118.0001337
116.010178
114.000171
112.0100958
110.00011
108.000108
106.0001378
104.0101098
102.0101092
100.010001
120.0100808
120.0100808
122.0102407
124.000248
126.0101816
128.0101043
130.0102708
132.0100064
134.0102339
136.0100103
138.0001932
100.010001
102.0101092
104.0101098
106.0001378
108.000108
110.00011
112.0100958
114.000171
116.010178
118.0001337
120.0100808
118.0001337
116.010178
114.000171
112.0100958
110.00011
108.000108
106.0001378
104.0101098
102.0101092
100.010001
98.00014373
96.01013867
94.00012847
92.0001288
130.0102708
130.0102708
128.0101043
126.0101816
124.000248
122.0102407
120.0100808
120.0100808
118.0001337
116.010178
114.000171
112.0100958
110.00011
108.000108
106.0001378
104.0101098
102.0101092
100.010001
98.00014373
96.01013867
94.00012847
92.0001288
90.00009
88.01009182
86.01003737
84.000084
82.01001069
80.01002792
78.000078
76.00006587
74.000074
72.0100526
70.00007
68.00007253
66.000066
64.01003677
62.00005993
120.0100808
140.0102674
141.0003032
142.0101537
143.0100274
144.0002304
145.0101991
146.0003212
147.0101805
148.0100055
149.0002086
150.0101257
151.0003775
152.0003243
153.0003366
154.0100363
155.00031
156.0102967
157.0002486
158.0003476
159.0103198
160.0102407
160.0102407
159.0103198
158.0003476
157.0002486
156.0102967
155.00031
154.0100363
153.0003366
152.0003243
151.0003775
150.0101257
149.0002086
148.0100055
147.0101805
146.0003212
145.0101991
144.0002304
143.0100274
142.0101537
141.0003032
140.0102674
139.0002178
138.0001932
137.0100748
136.0100103
135.0101595
134.0102339
133.0002416
132.0100064
131.0100878
130.0102708
128.0101043
126.0101816
124.000248
122.0102407
120.0100808
118.0001337
116.010178
114.000171
112.0100958
110.00011
108.000108
106.0001378
104.0101098
102.0101092
100.010001
98.00014373
96.01013867
94.00012847
92.0001288
90.00009
88.01009182
86.01003737
84.000084
82.01001069
100.010001
100.010001
98.00014373
96.01013867
94.00012847
92.0001288
90.00009
88.01009182
86.01003737
84.000084
82.01001069
80.01002792
82.01001069
84.000084
86.01003737
88.01009182
90.00009
92.0001288
94.00012847
96.01013867
98.00014373
100.010001
100.010001
98.00014373
96.01013867
94.00012847
92.0001288
90.00009
88.01009182
86.01003737
84.000084
82.01001069
80.01002792
82.01001069
84.000084
86.01003737
88.01009182
90.00009
92.0001288
94.00012847
96.01013867
98.00014373
100.010001
100.010001
98.00014373
96.01013867
94.00012847
92.0001288
90.00009
88.01009182
86.01003737
84.000084
82.01001069
80.01002792
78.000078
76.00006587
74.000074
72.0100526
70.00007
68.00007253
66.000066
64.01003677
62.00005993
60.01002167
58.00004253
56.00002987
54.01001886
52.01001366
60.01002167
62.00005993
64.01003677
66.000066
68.00007253
70.00007
72.0100526
74.000074
76.00006587
78.000078
80.01002792
82.01001069
84.000084
86.01003737
88.01009182
90.00009
92.0001288
94.00012847
96.01013867
98.00014373
100.010001
102.0101092
104.0101098
106.0001378
108.000108
110.00011
112.0100958
114.000171
116.010178
118.0001337
90.00009
80.01002792
120.0100808
80.01002792
120.0100808
80.01002792
120.0100808
80.01002792
120.0100808
140.0102674
156.0102967
117.000117
140.0102674
175.0102819
131.0100878
140.0102674
156.0102967
117.000117
184.0005397
123.0002214
175.0102819
131.0100878
140.0102674
141.0003032
142.0101537
143.0100274
144.0002304
145.0101991
146.0003212
147.0101805
148.0100055
149.0002086
150.0101257
151.0003775
152.0003243
153.0003366
154.0100363
155.00031
156.0102967
157.0002486
158.0003476
159.0103198
160.0102407
161.0003488
162.0102228
163.0102561
164.0002952
165.0101481
166.0003597
167.0104298
168.0004032
169.0002789
170.0102006
171.010329
172.0104582
173.0004037
174.0002958
175.0102819
176.0103729
177.0104702
178.0003441
179.0002834
180.0104406
180.0104406
178.0003441
176.0103729
174.0002958
172.0104582
170.0102006
168.0004032
166.0003597
164.0002952
162.0102228
160.0102407
